 ------- BEAMDYN V1.00.* INDIVIDUAL BLADE INPUT FILE --------------------------
 Test Format 1
 ---------------------- BLADE PARAMETERS --------------------------------------
18   station_total    - Number of blade input stations (-)
 1   damp_type        - Damping type: 0: no damping; 1: damped
  ---------------------- DAMPING COEFFICIENT------------------------------------
   mu1        mu2        mu3        mu4        mu5        mu6
   (-)        (-)        (-)        (-)        (-)        (-)
	 2.99005e-03 	 2.18775e-03 	 8.41708e-04 	 2.18775e-03 	 2.99005e-03 	 8.41708e-04
 ---------------------- DISTRIBUTED PROPERTIES---------------------------------
	 0.000000 
	 4.7659617508570403e+08 	 -6.5728695720067531e+07 	 0.0000000000000000e+00 	 0.0000000000000000e+00 	 0.0000000000000000e+00 	 4.0706684603433289e+07
	 -6.5728695720135771e+07 	 1.3502097500464084e+09 	 0.0000000000000000e+00 	 0.0000000000000000e+00 	 0.0000000000000000e+00 	 5.2185353237833902e+07
	 0.0000000000000000e+00 	 0.0000000000000000e+00 	 3.7961332249659104e+09 	 -3.0313449615325379e+08 	 -1.5184917811746579e+08 	 0.0000000000000000e+00
	 0.0000000000000000e+00 	 0.0000000000000000e+00 	 -3.0313449615325218e+08 	 6.6602969431811057e+07 	 1.4794048615848543e+07 	 0.0000000000000000e+00
	 0.0000000000000000e+00 	 0.0000000000000000e+00 	 -1.5184917811746654e+08 	 1.4794048615848556e+07 	 6.9935874595985608e+06 	 0.0000000000000000e+00
	 4.0706684603432402e+07 	 5.2185353237838060e+07 	 0.0000000000000000e+00 	 0.0000000000000000e+00 	 0.0000000000000000e+00 	 7.0801089251958393e+06

	 1.4099923407016036e+02 	 0.0000000000000000e+00 	 0.0000000000000000e+00 	 0.0000000000000000e+00 	 0.0000000000000000e+00 	 1.1259281285692367e+01
	 0.0000000000000000e+00 	 1.4099923407016036e+02 	 0.0000000000000000e+00 	 0.0000000000000000e+00 	 0.0000000000000000e+00 	 5.6401123300773541e+00
	 0.0000000000000000e+00 	 0.0000000000000000e+00 	 1.4099923407016036e+02 	 -1.1259281285692367e+01 	 -5.6401123300773541e+00 	 0.0000000000000000e+00
	 0.0000000000000000e+00 	 0.0000000000000000e+00 	 -1.1259281285692367e+01 	 2.4736697808089896e+00 	 5.4949248631848591e-01 	 0.0000000000000000e+00
	 0.0000000000000000e+00 	 0.0000000000000000e+00 	 -5.6401123300773541e+00 	 5.4949248631848591e-01 	 2.5959024961320781e-01 	 0.0000000000000000e+00
	 1.1259281285692367e+01 	 5.6401123300773541e+00 	 0.0000000000000000e+00 	 0.0000000000000000e+00 	 0.0000000000000000e+00 	 2.7332600304221972e+00

	 0.059000 
	 4.3199141047278631e+08 	 -6.2921766755460322e+07 	 0.0000000000000000e+00 	 0.0000000000000000e+00 	 0.0000000000000000e+00 	 3.4922174485682458e+07
	 -6.2921766755726792e+07 	 1.2243545586648548e+09 	 0.0000000000000000e+00 	 0.0000000000000000e+00 	 0.0000000000000000e+00 	 4.6362142522843808e+07
	 0.0000000000000000e+00 	 0.0000000000000000e+00 	 3.4441567718240213e+09 	 -2.6163063401584902e+08 	 -1.3546007167316538e+08 	 0.0000000000000000e+00
	 0.0000000000000000e+00 	 0.0000000000000000e+00 	 -2.6163063401585057e+08 	 5.4796464881331280e+07 	 1.2631789365375562e+07 	 0.0000000000000000e+00
	 0.0000000000000000e+00 	 0.0000000000000000e+00 	 -1.3546007167316616e+08 	 1.2631789365375321e+07 	 6.1031182611989900e+06 	 0.0000000000000000e+00
	 3.4922174485673800e+07 	 4.6362142522876196e+07 	 0.0000000000000000e+00 	 0.0000000000000000e+00 	 0.0000000000000000e+00 	 5.9161165029761782e+06

	 1.2792582295346051e+02 	 0.0000000000000000e+00 	 0.0000000000000000e+00 	 0.0000000000000000e+00 	 0.0000000000000000e+00 	 9.7177092634460411e+00
	 0.0000000000000000e+00 	 1.2792582295346051e+02 	 0.0000000000000000e+00 	 0.0000000000000000e+00 	 0.0000000000000000e+00 	 5.0313740907175637e+00
	 0.0000000000000000e+00 	 0.0000000000000000e+00 	 1.2792582295346051e+02 	 -9.7177092634460411e+00 	 -5.0313740907175637e+00 	 0.0000000000000000e+00
	 0.0000000000000000e+00 	 0.0000000000000000e+00 	 -9.7177092634460411e+00 	 2.0351674350521325e+00 	 4.6918156758542906e-01 	 0.0000000000000000e+00
	 0.0000000000000000e+00 	 0.0000000000000000e+00 	 -5.0313740907175637e+00 	 4.6918156758542906e-01 	 2.2654879784485832e-01 	 0.0000000000000000e+00
	 9.7177092634460411e+00 	 5.0313740907175637e+00 	 0.0000000000000000e+00 	 0.0000000000000000e+00 	 0.0000000000000000e+00 	 2.2617162328969873e+00

	 0.118000 
	 3.8987687319186360e+08 	 -5.6988556474066488e+07 	 0.0000000000000000e+00 	 0.0000000000000000e+00 	 0.0000000000000000e+00 	 2.9911177981453169e+07
	 -5.6988556474180639e+07 	 1.1049570791518316e+09 	 0.0000000000000000e+00 	 0.0000000000000000e+00 	 0.0000000000000000e+00 	 3.9905455019494914e+07
	 0.0000000000000000e+00 	 0.0000000000000000e+00 	 3.1082996783497648e+09 	 -2.2425805156262836e+08 	 -1.1660118335967626e+08 	 0.0000000000000000e+00
	 0.0000000000000000e+00 	 0.0000000000000000e+00 	 -2.2425805156262887e+08 	 4.4606635062810034e+07 	 1.0327647585071696e+07 	 0.0000000000000000e+00
	 0.0000000000000000e+00 	 0.0000000000000000e+00 	 -1.1660118335967559e+08 	 1.0327647585071739e+07 	 5.0069533965226850e+06 	 0.0000000000000000e+00
	 2.9911177981450353e+07 	 3.9905455019505255e+07 	 0.0000000000000000e+00 	 0.0000000000000000e+00 	 0.0000000000000000e+00 	 4.8278329762104033e+06

	 1.1545113091013388e+02 	 0.0000000000000000e+00 	 0.0000000000000000e+00 	 0.0000000000000000e+00 	 0.0000000000000000e+00 	 8.3295847723262142e+00
	 0.0000000000000000e+00 	 1.1545113091013388e+02 	 0.0000000000000000e+00 	 0.0000000000000000e+00 	 0.0000000000000000e+00 	 4.3309010962165964e+00
	 0.0000000000000000e+00 	 0.0000000000000000e+00 	 1.1545113091013388e+02 	 -8.3295847723262142e+00 	 -4.3309010962165964e+00 	 0.0000000000000000e+00
	 0.0000000000000000e+00 	 0.0000000000000000e+00 	 -8.3295847723262142e+00 	 1.6567116285114545e+00 	 3.8359730436707912e-01 	 0.0000000000000000e+00
	 0.0000000000000000e+00 	 0.0000000000000000e+00 	 -4.3309010962165964e+00 	 3.8359730436707912e-01 	 1.8585988115057844e-01 	 0.0000000000000000e+00
	 8.3295847723262142e+00 	 4.3309010962165964e+00 	 0.0000000000000000e+00 	 0.0000000000000000e+00 	 0.0000000000000000e+00 	 1.8425715096620310e+00

	 0.177000 
	 3.8589665851920307e+08 	 -5.6555234320063651e+07 	 0.0000000000000000e+00 	 0.0000000000000000e+00 	 0.0000000000000000e+00 	 2.9612181736083284e+07
	 -5.6555234320112616e+07 	 1.0995301969090822e+09 	 0.0000000000000000e+00 	 0.0000000000000000e+00 	 0.0000000000000000e+00 	 3.9503022401161753e+07
	 0.0000000000000000e+00 	 0.0000000000000000e+00 	 3.0928722654759192e+09 	 -2.2314534215806577e+08 	 -1.1544670585400999e+08 	 0.0000000000000000e+00
	 0.0000000000000000e+00 	 0.0000000000000000e+00 	 -2.2314534215806612e+08 	 4.4385193896291830e+07 	 1.0225366659661917e+07 	 0.0000000000000000e+00
	 0.0000000000000000e+00 	 0.0000000000000000e+00 	 -1.1544670585401022e+08 	 1.0225366659661856e+07 	 4.9328184687974546e+06 	 0.0000000000000000e+00
	 2.9612181736082219e+07 	 3.9503022401163757e+07 	 0.0000000000000000e+00 	 0.0000000000000000e+00 	 0.0000000000000000e+00 	 4.7683232396094985e+06

	 1.1487811271767710e+02 	 0.0000000000000000e+00 	 0.0000000000000000e+00 	 0.0000000000000000e+00 	 0.0000000000000000e+00 	 8.2882555658710029e+00
	 0.0000000000000000e+00 	 1.1487811271767710e+02 	 0.0000000000000000e+00 	 0.0000000000000000e+00 	 0.0000000000000000e+00 	 4.2880205031489727e+00
	 0.0000000000000000e+00 	 0.0000000000000000e+00 	 1.1487811271767710e+02 	 -8.2882555658710029e+00 	 -4.2880205031489727e+00 	 0.0000000000000000e+00
	 0.0000000000000000e+00 	 0.0000000000000000e+00 	 -8.2882555658710029e+00 	 1.6484876520877638e+00 	 3.7979934242839447e-01 	 0.0000000000000000e+00
	 0.0000000000000000e+00 	 0.0000000000000000e+00 	 -4.2880205031489727e+00 	 3.7979934242839447e-01 	 1.8310643102298385e-01 	 0.0000000000000000e+00
	 8.2882555658710029e+00 	 4.2880205031489727e+00 	 0.0000000000000000e+00 	 0.0000000000000000e+00 	 0.0000000000000000e+00 	 1.8315940831107493e+00

	 0.236000 
	 0.0000000000000000e+00 	 0.0000000000000000e+00 	 0.0000000000000000e+00 	 0.0000000000000000e+00 	 0.0000000000000000e+00 	 0.0000000000000000e+00
	 0.0000000000000000e+00 	 0.0000000000000000e+00 	 0.0000000000000000e+00 	 0.0000000000000000e+00 	 0.0000000000000000e+00 	 0.0000000000000000e+00
	 0.0000000000000000e+00 	 0.0000000000000000e+00 	 0.0000000000000000e+00 	 0.0000000000000000e+00 	 0.0000000000000000e+00 	 0.0000000000000000e+00
	 0.0000000000000000e+00 	 0.0000000000000000e+00 	 0.0000000000000000e+00 	 0.0000000000000000e+00 	 0.0000000000000000e+00 	 0.0000000000000000e+00
	 0.0000000000000000e+00 	 0.0000000000000000e+00 	 0.0000000000000000e+00 	 0.0000000000000000e+00 	 0.0000000000000000e+00 	 0.0000000000000000e+00
	 0.0000000000000000e+00 	 0.0000000000000000e+00 	 0.0000000000000000e+00 	 0.0000000000000000e+00 	 0.0000000000000000e+00 	 0.0000000000000000e+00

	 0.0000000000000000e+00 	 0.0000000000000000e+00 	 0.0000000000000000e+00 	 0.0000000000000000e+00 	 0.0000000000000000e+00 	 0.0000000000000000e+00
	 0.0000000000000000e+00 	 0.0000000000000000e+00 	 0.0000000000000000e+00 	 0.0000000000000000e+00 	 0.0000000000000000e+00 	 0.0000000000000000e+00
	 0.0000000000000000e+00 	 0.0000000000000000e+00 	 0.0000000000000000e+00 	 0.0000000000000000e+00 	 0.0000000000000000e+00 	 0.0000000000000000e+00
	 0.0000000000000000e+00 	 0.0000000000000000e+00 	 0.0000000000000000e+00 	 0.0000000000000000e+00 	 0.0000000000000000e+00 	 0.0000000000000000e+00
	 0.0000000000000000e+00 	 0.0000000000000000e+00 	 0.0000000000000000e+00 	 0.0000000000000000e+00 	 0.0000000000000000e+00 	 0.0000000000000000e+00
	 0.0000000000000000e+00 	 0.0000000000000000e+00 	 0.0000000000000000e+00 	 0.0000000000000000e+00 	 0.0000000000000000e+00 	 0.0000000000000000e+00

	 0.294000 
	 0.0000000000000000e+00 	 0.0000000000000000e+00 	 0.0000000000000000e+00 	 0.0000000000000000e+00 	 0.0000000000000000e+00 	 0.0000000000000000e+00
	 0.0000000000000000e+00 	 0.0000000000000000e+00 	 0.0000000000000000e+00 	 0.0000000000000000e+00 	 0.0000000000000000e+00 	 0.0000000000000000e+00
	 0.0000000000000000e+00 	 0.0000000000000000e+00 	 0.0000000000000000e+00 	 0.0000000000000000e+00 	 0.0000000000000000e+00 	 0.0000000000000000e+00
	 0.0000000000000000e+00 	 0.0000000000000000e+00 	 0.0000000000000000e+00 	 0.0000000000000000e+00 	 0.0000000000000000e+00 	 0.0000000000000000e+00
	 0.0000000000000000e+00 	 0.0000000000000000e+00 	 0.0000000000000000e+00 	 0.0000000000000000e+00 	 0.0000000000000000e+00 	 0.0000000000000000e+00
	 0.0000000000000000e+00 	 0.0000000000000000e+00 	 0.0000000000000000e+00 	 0.0000000000000000e+00 	 0.0000000000000000e+00 	 0.0000000000000000e+00

	 0.0000000000000000e+00 	 0.0000000000000000e+00 	 0.0000000000000000e+00 	 0.0000000000000000e+00 	 0.0000000000000000e+00 	 0.0000000000000000e+00
	 0.0000000000000000e+00 	 0.0000000000000000e+00 	 0.0000000000000000e+00 	 0.0000000000000000e+00 	 0.0000000000000000e+00 	 0.0000000000000000e+00
	 0.0000000000000000e+00 	 0.0000000000000000e+00 	 0.0000000000000000e+00 	 0.0000000000000000e+00 	 0.0000000000000000e+00 	 0.0000000000000000e+00
	 0.0000000000000000e+00 	 0.0000000000000000e+00 	 0.0000000000000000e+00 	 0.0000000000000000e+00 	 0.0000000000000000e+00 	 0.0000000000000000e+00
	 0.0000000000000000e+00 	 0.0000000000000000e+00 	 0.0000000000000000e+00 	 0.0000000000000000e+00 	 0.0000000000000000e+00 	 0.0000000000000000e+00
	 0.0000000000000000e+00 	 0.0000000000000000e+00 	 0.0000000000000000e+00 	 0.0000000000000000e+00 	 0.0000000000000000e+00 	 0.0000000000000000e+00

	 0.353000 
	 0.0000000000000000e+00 	 0.0000000000000000e+00 	 0.0000000000000000e+00 	 0.0000000000000000e+00 	 0.0000000000000000e+00 	 0.0000000000000000e+00
	 0.0000000000000000e+00 	 0.0000000000000000e+00 	 0.0000000000000000e+00 	 0.0000000000000000e+00 	 0.0000000000000000e+00 	 0.0000000000000000e+00
	 0.0000000000000000e+00 	 0.0000000000000000e+00 	 0.0000000000000000e+00 	 0.0000000000000000e+00 	 0.0000000000000000e+00 	 0.0000000000000000e+00
	 0.0000000000000000e+00 	 0.0000000000000000e+00 	 0.0000000000000000e+00 	 0.0000000000000000e+00 	 0.0000000000000000e+00 	 0.0000000000000000e+00
	 0.0000000000000000e+00 	 0.0000000000000000e+00 	 0.0000000000000000e+00 	 0.0000000000000000e+00 	 0.0000000000000000e+00 	 0.0000000000000000e+00
	 0.0000000000000000e+00 	 0.0000000000000000e+00 	 0.0000000000000000e+00 	 0.0000000000000000e+00 	 0.0000000000000000e+00 	 0.0000000000000000e+00

	 0.0000000000000000e+00 	 0.0000000000000000e+00 	 0.0000000000000000e+00 	 0.0000000000000000e+00 	 0.0000000000000000e+00 	 0.0000000000000000e+00
	 0.0000000000000000e+00 	 0.0000000000000000e+00 	 0.0000000000000000e+00 	 0.0000000000000000e+00 	 0.0000000000000000e+00 	 0.0000000000000000e+00
	 0.0000000000000000e+00 	 0.0000000000000000e+00 	 0.0000000000000000e+00 	 0.0000000000000000e+00 	 0.0000000000000000e+00 	 0.0000000000000000e+00
	 0.0000000000000000e+00 	 0.0000000000000000e+00 	 0.0000000000000000e+00 	 0.0000000000000000e+00 	 0.0000000000000000e+00 	 0.0000000000000000e+00
	 0.0000000000000000e+00 	 0.0000000000000000e+00 	 0.0000000000000000e+00 	 0.0000000000000000e+00 	 0.0000000000000000e+00 	 0.0000000000000000e+00
	 0.0000000000000000e+00 	 0.0000000000000000e+00 	 0.0000000000000000e+00 	 0.0000000000000000e+00 	 0.0000000000000000e+00 	 0.0000000000000000e+00

	 0.412000 
	 0.0000000000000000e+00 	 0.0000000000000000e+00 	 0.0000000000000000e+00 	 0.0000000000000000e+00 	 0.0000000000000000e+00 	 0.0000000000000000e+00
	 0.0000000000000000e+00 	 0.0000000000000000e+00 	 0.0000000000000000e+00 	 0.0000000000000000e+00 	 0.0000000000000000e+00 	 0.0000000000000000e+00
	 0.0000000000000000e+00 	 0.0000000000000000e+00 	 0.0000000000000000e+00 	 0.0000000000000000e+00 	 0.0000000000000000e+00 	 0.0000000000000000e+00
	 0.0000000000000000e+00 	 0.0000000000000000e+00 	 0.0000000000000000e+00 	 0.0000000000000000e+00 	 0.0000000000000000e+00 	 0.0000000000000000e+00
	 0.0000000000000000e+00 	 0.0000000000000000e+00 	 0.0000000000000000e+00 	 0.0000000000000000e+00 	 0.0000000000000000e+00 	 0.0000000000000000e+00
	 0.0000000000000000e+00 	 0.0000000000000000e+00 	 0.0000000000000000e+00 	 0.0000000000000000e+00 	 0.0000000000000000e+00 	 0.0000000000000000e+00

	 0.0000000000000000e+00 	 0.0000000000000000e+00 	 0.0000000000000000e+00 	 0.0000000000000000e+00 	 0.0000000000000000e+00 	 0.0000000000000000e+00
	 0.0000000000000000e+00 	 0.0000000000000000e+00 	 0.0000000000000000e+00 	 0.0000000000000000e+00 	 0.0000000000000000e+00 	 0.0000000000000000e+00
	 0.0000000000000000e+00 	 0.0000000000000000e+00 	 0.0000000000000000e+00 	 0.0000000000000000e+00 	 0.0000000000000000e+00 	 0.0000000000000000e+00
	 0.0000000000000000e+00 	 0.0000000000000000e+00 	 0.0000000000000000e+00 	 0.0000000000000000e+00 	 0.0000000000000000e+00 	 0.0000000000000000e+00
	 0.0000000000000000e+00 	 0.0000000000000000e+00 	 0.0000000000000000e+00 	 0.0000000000000000e+00 	 0.0000000000000000e+00 	 0.0000000000000000e+00
	 0.0000000000000000e+00 	 0.0000000000000000e+00 	 0.0000000000000000e+00 	 0.0000000000000000e+00 	 0.0000000000000000e+00 	 0.0000000000000000e+00

	 0.470000 
	 0.0000000000000000e+00 	 0.0000000000000000e+00 	 0.0000000000000000e+00 	 0.0000000000000000e+00 	 0.0000000000000000e+00 	 0.0000000000000000e+00
	 0.0000000000000000e+00 	 0.0000000000000000e+00 	 0.0000000000000000e+00 	 0.0000000000000000e+00 	 0.0000000000000000e+00 	 0.0000000000000000e+00
	 0.0000000000000000e+00 	 0.0000000000000000e+00 	 0.0000000000000000e+00 	 0.0000000000000000e+00 	 0.0000000000000000e+00 	 0.0000000000000000e+00
	 0.0000000000000000e+00 	 0.0000000000000000e+00 	 0.0000000000000000e+00 	 0.0000000000000000e+00 	 0.0000000000000000e+00 	 0.0000000000000000e+00
	 0.0000000000000000e+00 	 0.0000000000000000e+00 	 0.0000000000000000e+00 	 0.0000000000000000e+00 	 0.0000000000000000e+00 	 0.0000000000000000e+00
	 0.0000000000000000e+00 	 0.0000000000000000e+00 	 0.0000000000000000e+00 	 0.0000000000000000e+00 	 0.0000000000000000e+00 	 0.0000000000000000e+00

	 0.0000000000000000e+00 	 0.0000000000000000e+00 	 0.0000000000000000e+00 	 0.0000000000000000e+00 	 0.0000000000000000e+00 	 0.0000000000000000e+00
	 0.0000000000000000e+00 	 0.0000000000000000e+00 	 0.0000000000000000e+00 	 0.0000000000000000e+00 	 0.0000000000000000e+00 	 0.0000000000000000e+00
	 0.0000000000000000e+00 	 0.0000000000000000e+00 	 0.0000000000000000e+00 	 0.0000000000000000e+00 	 0.0000000000000000e+00 	 0.0000000000000000e+00
	 0.0000000000000000e+00 	 0.0000000000000000e+00 	 0.0000000000000000e+00 	 0.0000000000000000e+00 	 0.0000000000000000e+00 	 0.0000000000000000e+00
	 0.0000000000000000e+00 	 0.0000000000000000e+00 	 0.0000000000000000e+00 	 0.0000000000000000e+00 	 0.0000000000000000e+00 	 0.0000000000000000e+00
	 0.0000000000000000e+00 	 0.0000000000000000e+00 	 0.0000000000000000e+00 	 0.0000000000000000e+00 	 0.0000000000000000e+00 	 0.0000000000000000e+00

	 0.529000 
	 0.0000000000000000e+00 	 0.0000000000000000e+00 	 0.0000000000000000e+00 	 0.0000000000000000e+00 	 0.0000000000000000e+00 	 0.0000000000000000e+00
	 0.0000000000000000e+00 	 0.0000000000000000e+00 	 0.0000000000000000e+00 	 0.0000000000000000e+00 	 0.0000000000000000e+00 	 0.0000000000000000e+00
	 0.0000000000000000e+00 	 0.0000000000000000e+00 	 0.0000000000000000e+00 	 0.0000000000000000e+00 	 0.0000000000000000e+00 	 0.0000000000000000e+00
	 0.0000000000000000e+00 	 0.0000000000000000e+00 	 0.0000000000000000e+00 	 0.0000000000000000e+00 	 0.0000000000000000e+00 	 0.0000000000000000e+00
	 0.0000000000000000e+00 	 0.0000000000000000e+00 	 0.0000000000000000e+00 	 0.0000000000000000e+00 	 0.0000000000000000e+00 	 0.0000000000000000e+00
	 0.0000000000000000e+00 	 0.0000000000000000e+00 	 0.0000000000000000e+00 	 0.0000000000000000e+00 	 0.0000000000000000e+00 	 0.0000000000000000e+00

	 0.0000000000000000e+00 	 0.0000000000000000e+00 	 0.0000000000000000e+00 	 0.0000000000000000e+00 	 0.0000000000000000e+00 	 0.0000000000000000e+00
	 0.0000000000000000e+00 	 0.0000000000000000e+00 	 0.0000000000000000e+00 	 0.0000000000000000e+00 	 0.0000000000000000e+00 	 0.0000000000000000e+00
	 0.0000000000000000e+00 	 0.0000000000000000e+00 	 0.0000000000000000e+00 	 0.0000000000000000e+00 	 0.0000000000000000e+00 	 0.0000000000000000e+00
	 0.0000000000000000e+00 	 0.0000000000000000e+00 	 0.0000000000000000e+00 	 0.0000000000000000e+00 	 0.0000000000000000e+00 	 0.0000000000000000e+00
	 0.0000000000000000e+00 	 0.0000000000000000e+00 	 0.0000000000000000e+00 	 0.0000000000000000e+00 	 0.0000000000000000e+00 	 0.0000000000000000e+00
	 0.0000000000000000e+00 	 0.0000000000000000e+00 	 0.0000000000000000e+00 	 0.0000000000000000e+00 	 0.0000000000000000e+00 	 0.0000000000000000e+00

	 0.588000 
	 0.0000000000000000e+00 	 0.0000000000000000e+00 	 0.0000000000000000e+00 	 0.0000000000000000e+00 	 0.0000000000000000e+00 	 0.0000000000000000e+00
	 0.0000000000000000e+00 	 0.0000000000000000e+00 	 0.0000000000000000e+00 	 0.0000000000000000e+00 	 0.0000000000000000e+00 	 0.0000000000000000e+00
	 0.0000000000000000e+00 	 0.0000000000000000e+00 	 0.0000000000000000e+00 	 0.0000000000000000e+00 	 0.0000000000000000e+00 	 0.0000000000000000e+00
	 0.0000000000000000e+00 	 0.0000000000000000e+00 	 0.0000000000000000e+00 	 0.0000000000000000e+00 	 0.0000000000000000e+00 	 0.0000000000000000e+00
	 0.0000000000000000e+00 	 0.0000000000000000e+00 	 0.0000000000000000e+00 	 0.0000000000000000e+00 	 0.0000000000000000e+00 	 0.0000000000000000e+00
	 0.0000000000000000e+00 	 0.0000000000000000e+00 	 0.0000000000000000e+00 	 0.0000000000000000e+00 	 0.0000000000000000e+00 	 0.0000000000000000e+00

	 0.0000000000000000e+00 	 0.0000000000000000e+00 	 0.0000000000000000e+00 	 0.0000000000000000e+00 	 0.0000000000000000e+00 	 0.0000000000000000e+00
	 0.0000000000000000e+00 	 0.0000000000000000e+00 	 0.0000000000000000e+00 	 0.0000000000000000e+00 	 0.0000000000000000e+00 	 0.0000000000000000e+00
	 0.0000000000000000e+00 	 0.0000000000000000e+00 	 0.0000000000000000e+00 	 0.0000000000000000e+00 	 0.0000000000000000e+00 	 0.0000000000000000e+00
	 0.0000000000000000e+00 	 0.0000000000000000e+00 	 0.0000000000000000e+00 	 0.0000000000000000e+00 	 0.0000000000000000e+00 	 0.0000000000000000e+00
	 0.0000000000000000e+00 	 0.0000000000000000e+00 	 0.0000000000000000e+00 	 0.0000000000000000e+00 	 0.0000000000000000e+00 	 0.0000000000000000e+00
	 0.0000000000000000e+00 	 0.0000000000000000e+00 	 0.0000000000000000e+00 	 0.0000000000000000e+00 	 0.0000000000000000e+00 	 0.0000000000000000e+00

	 0.647000 
	 0.0000000000000000e+00 	 0.0000000000000000e+00 	 0.0000000000000000e+00 	 0.0000000000000000e+00 	 0.0000000000000000e+00 	 0.0000000000000000e+00
	 0.0000000000000000e+00 	 0.0000000000000000e+00 	 0.0000000000000000e+00 	 0.0000000000000000e+00 	 0.0000000000000000e+00 	 0.0000000000000000e+00
	 0.0000000000000000e+00 	 0.0000000000000000e+00 	 0.0000000000000000e+00 	 0.0000000000000000e+00 	 0.0000000000000000e+00 	 0.0000000000000000e+00
	 0.0000000000000000e+00 	 0.0000000000000000e+00 	 0.0000000000000000e+00 	 0.0000000000000000e+00 	 0.0000000000000000e+00 	 0.0000000000000000e+00
	 0.0000000000000000e+00 	 0.0000000000000000e+00 	 0.0000000000000000e+00 	 0.0000000000000000e+00 	 0.0000000000000000e+00 	 0.0000000000000000e+00
	 0.0000000000000000e+00 	 0.0000000000000000e+00 	 0.0000000000000000e+00 	 0.0000000000000000e+00 	 0.0000000000000000e+00 	 0.0000000000000000e+00

	 0.0000000000000000e+00 	 0.0000000000000000e+00 	 0.0000000000000000e+00 	 0.0000000000000000e+00 	 0.0000000000000000e+00 	 0.0000000000000000e+00
	 0.0000000000000000e+00 	 0.0000000000000000e+00 	 0.0000000000000000e+00 	 0.0000000000000000e+00 	 0.0000000000000000e+00 	 0.0000000000000000e+00
	 0.0000000000000000e+00 	 0.0000000000000000e+00 	 0.0000000000000000e+00 	 0.0000000000000000e+00 	 0.0000000000000000e+00 	 0.0000000000000000e+00
	 0.0000000000000000e+00 	 0.0000000000000000e+00 	 0.0000000000000000e+00 	 0.0000000000000000e+00 	 0.0000000000000000e+00 	 0.0000000000000000e+00
	 0.0000000000000000e+00 	 0.0000000000000000e+00 	 0.0000000000000000e+00 	 0.0000000000000000e+00 	 0.0000000000000000e+00 	 0.0000000000000000e+00
	 0.0000000000000000e+00 	 0.0000000000000000e+00 	 0.0000000000000000e+00 	 0.0000000000000000e+00 	 0.0000000000000000e+00 	 0.0000000000000000e+00

	 0.706000 
	 0.0000000000000000e+00 	 0.0000000000000000e+00 	 0.0000000000000000e+00 	 0.0000000000000000e+00 	 0.0000000000000000e+00 	 0.0000000000000000e+00
	 0.0000000000000000e+00 	 0.0000000000000000e+00 	 0.0000000000000000e+00 	 0.0000000000000000e+00 	 0.0000000000000000e+00 	 0.0000000000000000e+00
	 0.0000000000000000e+00 	 0.0000000000000000e+00 	 0.0000000000000000e+00 	 0.0000000000000000e+00 	 0.0000000000000000e+00 	 0.0000000000000000e+00
	 0.0000000000000000e+00 	 0.0000000000000000e+00 	 0.0000000000000000e+00 	 0.0000000000000000e+00 	 0.0000000000000000e+00 	 0.0000000000000000e+00
	 0.0000000000000000e+00 	 0.0000000000000000e+00 	 0.0000000000000000e+00 	 0.0000000000000000e+00 	 0.0000000000000000e+00 	 0.0000000000000000e+00
	 0.0000000000000000e+00 	 0.0000000000000000e+00 	 0.0000000000000000e+00 	 0.0000000000000000e+00 	 0.0000000000000000e+00 	 0.0000000000000000e+00

	 0.0000000000000000e+00 	 0.0000000000000000e+00 	 0.0000000000000000e+00 	 0.0000000000000000e+00 	 0.0000000000000000e+00 	 0.0000000000000000e+00
	 0.0000000000000000e+00 	 0.0000000000000000e+00 	 0.0000000000000000e+00 	 0.0000000000000000e+00 	 0.0000000000000000e+00 	 0.0000000000000000e+00
	 0.0000000000000000e+00 	 0.0000000000000000e+00 	 0.0000000000000000e+00 	 0.0000000000000000e+00 	 0.0000000000000000e+00 	 0.0000000000000000e+00
	 0.0000000000000000e+00 	 0.0000000000000000e+00 	 0.0000000000000000e+00 	 0.0000000000000000e+00 	 0.0000000000000000e+00 	 0.0000000000000000e+00
	 0.0000000000000000e+00 	 0.0000000000000000e+00 	 0.0000000000000000e+00 	 0.0000000000000000e+00 	 0.0000000000000000e+00 	 0.0000000000000000e+00
	 0.0000000000000000e+00 	 0.0000000000000000e+00 	 0.0000000000000000e+00 	 0.0000000000000000e+00 	 0.0000000000000000e+00 	 0.0000000000000000e+00

	 0.765000 
	 0.0000000000000000e+00 	 0.0000000000000000e+00 	 0.0000000000000000e+00 	 0.0000000000000000e+00 	 0.0000000000000000e+00 	 0.0000000000000000e+00
	 0.0000000000000000e+00 	 0.0000000000000000e+00 	 0.0000000000000000e+00 	 0.0000000000000000e+00 	 0.0000000000000000e+00 	 0.0000000000000000e+00
	 0.0000000000000000e+00 	 0.0000000000000000e+00 	 0.0000000000000000e+00 	 0.0000000000000000e+00 	 0.0000000000000000e+00 	 0.0000000000000000e+00
	 0.0000000000000000e+00 	 0.0000000000000000e+00 	 0.0000000000000000e+00 	 0.0000000000000000e+00 	 0.0000000000000000e+00 	 0.0000000000000000e+00
	 0.0000000000000000e+00 	 0.0000000000000000e+00 	 0.0000000000000000e+00 	 0.0000000000000000e+00 	 0.0000000000000000e+00 	 0.0000000000000000e+00
	 0.0000000000000000e+00 	 0.0000000000000000e+00 	 0.0000000000000000e+00 	 0.0000000000000000e+00 	 0.0000000000000000e+00 	 0.0000000000000000e+00

	 0.0000000000000000e+00 	 0.0000000000000000e+00 	 0.0000000000000000e+00 	 0.0000000000000000e+00 	 0.0000000000000000e+00 	 0.0000000000000000e+00
	 0.0000000000000000e+00 	 0.0000000000000000e+00 	 0.0000000000000000e+00 	 0.0000000000000000e+00 	 0.0000000000000000e+00 	 0.0000000000000000e+00
	 0.0000000000000000e+00 	 0.0000000000000000e+00 	 0.0000000000000000e+00 	 0.0000000000000000e+00 	 0.0000000000000000e+00 	 0.0000000000000000e+00
	 0.0000000000000000e+00 	 0.0000000000000000e+00 	 0.0000000000000000e+00 	 0.0000000000000000e+00 	 0.0000000000000000e+00 	 0.0000000000000000e+00
	 0.0000000000000000e+00 	 0.0000000000000000e+00 	 0.0000000000000000e+00 	 0.0000000000000000e+00 	 0.0000000000000000e+00 	 0.0000000000000000e+00
	 0.0000000000000000e+00 	 0.0000000000000000e+00 	 0.0000000000000000e+00 	 0.0000000000000000e+00 	 0.0000000000000000e+00 	 0.0000000000000000e+00

	 0.823000 
	 0.0000000000000000e+00 	 0.0000000000000000e+00 	 0.0000000000000000e+00 	 0.0000000000000000e+00 	 0.0000000000000000e+00 	 0.0000000000000000e+00
	 0.0000000000000000e+00 	 0.0000000000000000e+00 	 0.0000000000000000e+00 	 0.0000000000000000e+00 	 0.0000000000000000e+00 	 0.0000000000000000e+00
	 0.0000000000000000e+00 	 0.0000000000000000e+00 	 0.0000000000000000e+00 	 0.0000000000000000e+00 	 0.0000000000000000e+00 	 0.0000000000000000e+00
	 0.0000000000000000e+00 	 0.0000000000000000e+00 	 0.0000000000000000e+00 	 0.0000000000000000e+00 	 0.0000000000000000e+00 	 0.0000000000000000e+00
	 0.0000000000000000e+00 	 0.0000000000000000e+00 	 0.0000000000000000e+00 	 0.0000000000000000e+00 	 0.0000000000000000e+00 	 0.0000000000000000e+00
	 0.0000000000000000e+00 	 0.0000000000000000e+00 	 0.0000000000000000e+00 	 0.0000000000000000e+00 	 0.0000000000000000e+00 	 0.0000000000000000e+00

	 0.0000000000000000e+00 	 0.0000000000000000e+00 	 0.0000000000000000e+00 	 0.0000000000000000e+00 	 0.0000000000000000e+00 	 0.0000000000000000e+00
	 0.0000000000000000e+00 	 0.0000000000000000e+00 	 0.0000000000000000e+00 	 0.0000000000000000e+00 	 0.0000000000000000e+00 	 0.0000000000000000e+00
	 0.0000000000000000e+00 	 0.0000000000000000e+00 	 0.0000000000000000e+00 	 0.0000000000000000e+00 	 0.0000000000000000e+00 	 0.0000000000000000e+00
	 0.0000000000000000e+00 	 0.0000000000000000e+00 	 0.0000000000000000e+00 	 0.0000000000000000e+00 	 0.0000000000000000e+00 	 0.0000000000000000e+00
	 0.0000000000000000e+00 	 0.0000000000000000e+00 	 0.0000000000000000e+00 	 0.0000000000000000e+00 	 0.0000000000000000e+00 	 0.0000000000000000e+00
	 0.0000000000000000e+00 	 0.0000000000000000e+00 	 0.0000000000000000e+00 	 0.0000000000000000e+00 	 0.0000000000000000e+00 	 0.0000000000000000e+00

	 0.882000 
	 0.0000000000000000e+00 	 0.0000000000000000e+00 	 0.0000000000000000e+00 	 0.0000000000000000e+00 	 0.0000000000000000e+00 	 0.0000000000000000e+00
	 0.0000000000000000e+00 	 0.0000000000000000e+00 	 0.0000000000000000e+00 	 0.0000000000000000e+00 	 0.0000000000000000e+00 	 0.0000000000000000e+00
	 0.0000000000000000e+00 	 0.0000000000000000e+00 	 0.0000000000000000e+00 	 0.0000000000000000e+00 	 0.0000000000000000e+00 	 0.0000000000000000e+00
	 0.0000000000000000e+00 	 0.0000000000000000e+00 	 0.0000000000000000e+00 	 0.0000000000000000e+00 	 0.0000000000000000e+00 	 0.0000000000000000e+00
	 0.0000000000000000e+00 	 0.0000000000000000e+00 	 0.0000000000000000e+00 	 0.0000000000000000e+00 	 0.0000000000000000e+00 	 0.0000000000000000e+00
	 0.0000000000000000e+00 	 0.0000000000000000e+00 	 0.0000000000000000e+00 	 0.0000000000000000e+00 	 0.0000000000000000e+00 	 0.0000000000000000e+00

	 0.0000000000000000e+00 	 0.0000000000000000e+00 	 0.0000000000000000e+00 	 0.0000000000000000e+00 	 0.0000000000000000e+00 	 0.0000000000000000e+00
	 0.0000000000000000e+00 	 0.0000000000000000e+00 	 0.0000000000000000e+00 	 0.0000000000000000e+00 	 0.0000000000000000e+00 	 0.0000000000000000e+00
	 0.0000000000000000e+00 	 0.0000000000000000e+00 	 0.0000000000000000e+00 	 0.0000000000000000e+00 	 0.0000000000000000e+00 	 0.0000000000000000e+00
	 0.0000000000000000e+00 	 0.0000000000000000e+00 	 0.0000000000000000e+00 	 0.0000000000000000e+00 	 0.0000000000000000e+00 	 0.0000000000000000e+00
	 0.0000000000000000e+00 	 0.0000000000000000e+00 	 0.0000000000000000e+00 	 0.0000000000000000e+00 	 0.0000000000000000e+00 	 0.0000000000000000e+00
	 0.0000000000000000e+00 	 0.0000000000000000e+00 	 0.0000000000000000e+00 	 0.0000000000000000e+00 	 0.0000000000000000e+00 	 0.0000000000000000e+00

	 0.941000 
	 0.0000000000000000e+00 	 0.0000000000000000e+00 	 0.0000000000000000e+00 	 0.0000000000000000e+00 	 0.0000000000000000e+00 	 0.0000000000000000e+00
	 0.0000000000000000e+00 	 0.0000000000000000e+00 	 0.0000000000000000e+00 	 0.0000000000000000e+00 	 0.0000000000000000e+00 	 0.0000000000000000e+00
	 0.0000000000000000e+00 	 0.0000000000000000e+00 	 0.0000000000000000e+00 	 0.0000000000000000e+00 	 0.0000000000000000e+00 	 0.0000000000000000e+00
	 0.0000000000000000e+00 	 0.0000000000000000e+00 	 0.0000000000000000e+00 	 0.0000000000000000e+00 	 0.0000000000000000e+00 	 0.0000000000000000e+00
	 0.0000000000000000e+00 	 0.0000000000000000e+00 	 0.0000000000000000e+00 	 0.0000000000000000e+00 	 0.0000000000000000e+00 	 0.0000000000000000e+00
	 0.0000000000000000e+00 	 0.0000000000000000e+00 	 0.0000000000000000e+00 	 0.0000000000000000e+00 	 0.0000000000000000e+00 	 0.0000000000000000e+00

	 0.0000000000000000e+00 	 0.0000000000000000e+00 	 0.0000000000000000e+00 	 0.0000000000000000e+00 	 0.0000000000000000e+00 	 0.0000000000000000e+00
	 0.0000000000000000e+00 	 0.0000000000000000e+00 	 0.0000000000000000e+00 	 0.0000000000000000e+00 	 0.0000000000000000e+00 	 0.0000000000000000e+00
	 0.0000000000000000e+00 	 0.0000000000000000e+00 	 0.0000000000000000e+00 	 0.0000000000000000e+00 	 0.0000000000000000e+00 	 0.0000000000000000e+00
	 0.0000000000000000e+00 	 0.0000000000000000e+00 	 0.0000000000000000e+00 	 0.0000000000000000e+00 	 0.0000000000000000e+00 	 0.0000000000000000e+00
	 0.0000000000000000e+00 	 0.0000000000000000e+00 	 0.0000000000000000e+00 	 0.0000000000000000e+00 	 0.0000000000000000e+00 	 0.0000000000000000e+00
	 0.0000000000000000e+00 	 0.0000000000000000e+00 	 0.0000000000000000e+00 	 0.0000000000000000e+00 	 0.0000000000000000e+00 	 0.0000000000000000e+00

	 1.000000 
	 0.0000000000000000e+00 	 0.0000000000000000e+00 	 0.0000000000000000e+00 	 0.0000000000000000e+00 	 0.0000000000000000e+00 	 0.0000000000000000e+00
	 0.0000000000000000e+00 	 0.0000000000000000e+00 	 0.0000000000000000e+00 	 0.0000000000000000e+00 	 0.0000000000000000e+00 	 0.0000000000000000e+00
	 0.0000000000000000e+00 	 0.0000000000000000e+00 	 0.0000000000000000e+00 	 0.0000000000000000e+00 	 0.0000000000000000e+00 	 0.0000000000000000e+00
	 0.0000000000000000e+00 	 0.0000000000000000e+00 	 0.0000000000000000e+00 	 0.0000000000000000e+00 	 0.0000000000000000e+00 	 0.0000000000000000e+00
	 0.0000000000000000e+00 	 0.0000000000000000e+00 	 0.0000000000000000e+00 	 0.0000000000000000e+00 	 0.0000000000000000e+00 	 0.0000000000000000e+00
	 0.0000000000000000e+00 	 0.0000000000000000e+00 	 0.0000000000000000e+00 	 0.0000000000000000e+00 	 0.0000000000000000e+00 	 0.0000000000000000e+00

	 0.0000000000000000e+00 	 0.0000000000000000e+00 	 0.0000000000000000e+00 	 0.0000000000000000e+00 	 0.0000000000000000e+00 	 0.0000000000000000e+00
	 0.0000000000000000e+00 	 0.0000000000000000e+00 	 0.0000000000000000e+00 	 0.0000000000000000e+00 	 0.0000000000000000e+00 	 0.0000000000000000e+00
	 0.0000000000000000e+00 	 0.0000000000000000e+00 	 0.0000000000000000e+00 	 0.0000000000000000e+00 	 0.0000000000000000e+00 	 0.0000000000000000e+00
	 0.0000000000000000e+00 	 0.0000000000000000e+00 	 0.0000000000000000e+00 	 0.0000000000000000e+00 	 0.0000000000000000e+00 	 0.0000000000000000e+00
	 0.0000000000000000e+00 	 0.0000000000000000e+00 	 0.0000000000000000e+00 	 0.0000000000000000e+00 	 0.0000000000000000e+00 	 0.0000000000000000e+00
	 0.0000000000000000e+00 	 0.0000000000000000e+00 	 0.0000000000000000e+00 	 0.0000000000000000e+00 	 0.0000000000000000e+00 	 0.0000000000000000e+00

