te_points = [
    [214.621333, -0.035243, -21.317120],
    [212.883944, 22.476239, -21.388676],
    [211.147501, 44.987833, -21.450065],
    [209.412005, 67.499538, -21.499154],
    [207.677458, 90.011336, -21.533813],
    [205.943860, 112.523214, -21.551907],
    [204.211214, 135.035163, -21.551308],
    [202.479518, 157.547190, -21.531651],
    [200.748773, 180.059277, -21.498251],
    [199.018978, 202.571425, -21.457558],
    [197.290132, 225.083647, -21.416020],
    [195.562233, 247.595949, -21.380086],
    [193.835280, 270.108336, -21.356199],
    [192.109365, 292.620815, -21.348877],
    [190.384792, 315.133396, -21.358160],
    [188.661897, 337.646091, -21.383452],
    [186.941012, 360.158921, -21.424157],
    [185.222473, 382.671903, -21.479679],
    [183.506609, 405.185048, -21.549428],
    [181.793329, 427.698340, -21.633238],
    [180.081838, 450.211709, -21.731654],
    [178.371273, 472.725076, -21.845288],
    [176.660773, 495.238361, -21.974752],
    [174.949474, 517.751484, -22.120660],
    [173.236525, 540.264366, -22.283620],
    [171.521392, 562.776947, -22.464135],
    [169.803927, 585.289200, -22.662579],
    [168.084003, 607.801096, -22.879315],
    [166.361495, 630.312607, -23.114711],
    [164.636277, 652.823706, -23.369131],
    [162.908226, 675.334359, -23.642942],
    [161.177276, 697.844540, -23.936517],
    [159.443406, 720.354225, -24.250238],
    [157.706599, 742.863388, -24.584487],
    [155.966839, 765.372001, -24.939646],
    [154.224106, 787.880038, -25.316096],
    [152.478396, 810.387472, -25.714193],
    [150.729838, 832.894291, -26.134009],
    [148.978641, 855.400493, -26.575449],
    [147.225018, 877.906074, -27.038410],
    [145.469178, 900.411029, -27.522792],
    [143.711334, 922.915356, -28.028495],
    [141.951686, 945.419060, -28.555290],
    [140.190377, 967.922158, -29.102053],
    [138.427519, 990.424684, -29.667284],
    [136.663226, 1012.926665, -30.249479],
    [134.897611, 1035.428133, -30.847136],
    [133.130789, 1057.929121, -31.458751],
    [131.362861, 1080.429702, -32.082423],
    [129.593895, 1102.929964, -32.714392],
    [127.823943, 1125.430018, -33.350365],
    [126.053057, 1147.930017, -33.986048],
    [124.281288, 1170.430094, -34.617148],
    [122.508691, 1192.930378, -35.239370],
    [120.735299, 1215.430935, -35.848146],
    [118.961069, 1237.931937, -36.438043],
    [117.185946, 1260.433501, -37.003458],
    [115.409880, 1282.935701, -37.538786],
    [113.632818, 1305.438637, -38.038422],
    [111.854709, 1327.942395, -38.496764],
    [110.075482, 1350.446941, -38.908859],
    [108.295001, 1372.952246, -39.271204],
    [106.513122, 1395.458238, -39.580497],
    [104.729708, 1417.964810, -39.833433],
    [102.944623, 1440.471823, -40.026706],
    [101.157721, 1462.979194, -40.157010],
    [99.368673, 1485.486643, -40.220797],
    [97.576810, 1507.993968, -40.214130],
    [95.781438, 1530.500860, -40.133034],
    [93.981869, 1553.006999, -39.973532],
    [92.177416, 1575.511995, -39.731650],
    [90.367370, 1598.015470, -39.403406],
    [88.550259, 1620.516855, -38.984594],
    [86.723671, 1643.015517, -38.470731],
    [84.885151, 1665.510702, -37.857319],
    [83.032241, 1688.001626, -37.139864],
    [81.162494, 1710.487429, -36.313874],
    [79.273515, 1732.967184, -35.374789],
    [77.363835, 1755.439891, -34.316621],
    [75.432816, 1777.904472, -33.132088],
    [73.479860, 1800.359700, -31.813862],
    [71.504381, 1822.804230, -30.354617],
    [69.505803, 1845.236573, -28.747033],
    [67.483752, 1867.655104, -26.983839],
    [65.440167, 1890.058307, -25.058219],
    [63.378531, 1912.444722, -22.963673],
    [61.302375, 1934.812666, -20.693741],
    [59.215238, 1957.160385, -18.241993],
    [57.120676, 1979.485953, -15.602042],
    [55.021348, 2001.786906, -12.765251],
    [52.912444, 2024.057226, -9.704045],
    [50.785554, 2046.288315, -6.381559],
    [48.632366, 2068.470223, -2.760960],
    [46.444703, 2090.591459, 1.194391],
    [44.214565, 2112.638820, 5.520780],
    [41.935443, 2134.598615, 10.248257],
    [39.608373, 2156.463915, 15.373623],
    [37.236981, 2178.231119, 20.882092],
    [34.824813, 2199.897232, 26.759143],
    [32.375317, 2221.459920, 32.990596],
    [29.891863, 2242.917351, 39.562617],
]