0.000000000000000000e+00 6.649810924085799605e+07 6.985674542435899377e+06 7.070129977385091595e+06 3.793409822864505768e+09 1.408980791349678725e+02
5.899999999999999689e-02 5.482466860368783027e+07 6.106670956220388412e+06 5.917376732058853842e+06 3.445149108429303169e+09 1.279626811702262472e+02
1.179999999999999938e-01 4.460516437131752074e+07 5.006749065980412066e+06 4.827615650281632319e+06 3.108241870301708221e+09 1.154489837540642725e+02
1.769999999999999907e-01 3.557679492006142437e+07 4.037592640405599494e+06 3.834640181948589161e+06 2.772086453163300991e+09 1.029632111174937279e+02
2.359999999999999876e-01 2.801939915295663476e+07 3.239921911033513024e+06 3.008893540354379918e+06 2.454322545853831291e+09 9.116055170314245970e+01
2.939999999999999836e-01 2.167885743016874790e+07 2.560814729562853929e+06 2.319603956465188880e+06 2.155091456663323402e+09 8.004625410463705748e+01
3.529999999999999805e-01 1.648297437926640734e+07 1.980819954296597280e+06 1.756223260902751237e+06 1.875649225112255812e+09 6.966697121845490415e+01
4.119999999999999774e-01 1.230063622900965624e+07 1.509143044255774235e+06 1.308907364911072887e+06 1.616930236209781170e+09 6.005740877350564944e+01
4.699999999999999734e-01 8.960789236811069772e+06 1.116783754710664973e+06 1.042212526102532516e+06 1.371699341477700472e+09 5.094883268345735416e+01
5.290000000000000258e-01 6.469973655363479629e+06 7.933094062374981586e+05 7.528587033631379018e+05 1.149514566146534443e+09 4.269625531401431573e+01
5.879999999999999671e-01 4.549834954682135023e+06 5.485650202788355527e+05 5.302832881610669428e+05 9.513331366316953897e+08 3.533523078917730942e+01
6.470000000000000195e-01 3.075799007738941349e+06 3.649857615233762772e+05 3.594786697503198520e+05 7.714407732849804163e+08 2.865351443629931794e+01
7.059999999999999609e-01 2.013601193827550625e+06 2.331055456868639158e+05 2.104265610763293225e+05 6.152682925923410654e+08 2.285282229628671757e+01
7.650000000000000133e-01 1.218070510986199835e+06 1.384999268904716591e+05 1.274926266550636792e+05 4.715395383727695942e+08 1.751432571098726498e+01
8.229999999999999538e-01 6.560990397048441228e+05 6.954574121683076373e+04 6.658211827561783139e+04 3.407367450030746460e+08 1.265593624297153497e+01
8.820000000000000062e-01 2.998758854247769923e+05 3.018813761350236382e+04 2.947243164190484822e+04 2.294100462209191024e+08 8.520944573919768672e+00
9.409999999999999476e-01 1.070189344209652772e+05 9.936586623427898303e+03 9.952179047473202445e+03 1.357465916368915439e+08 5.042016260798813931e+00
1.000000000000000000e+00 2.155066841633315562e+04 1.803563436775037871e+03 1.778197480200583186e+03 5.943969525154145062e+07 2.207760109342967514e+00
