# reference axis used to build each section
reference_axis:
    x:
        grid: [0.0, 0.059, 0.118, 0.177, 0.236, 0.294, 0.353, 0.412, 0.47, 0.529, 0.588, 0.647, 0.706, 0.765, 0.823, 0.882, 0.941, 1.0]
        values: [0.0, 0.133, 0.266, 0.398, 0.531, 0.663, 0.795, 0.927, 1.059, 1.191, 1.323, 1.456, 1.588, 1.721, 1.853, 1.985, 2.115, 2.243]
    y:
        grid: [0.0, 0.059, 0.118, 0.177, 0.236, 0.294, 0.353, 0.412, 0.47, 0.529, 0.588, 0.647, 0.706, 0.765, 0.823, 0.882, 0.941, 1.0]
        values: [0.215, 0.215, 0.215, 0.215, 0.215, 0.215, 0.215, 0.215, 0.215, 0.215, 0.215, 0.215, 0.215, 0.215, 0.215, 0.215, 0.215, 0.215]
    z:
        grid: [0.0, 0.059, 0.118, 0.177, 0.236, 0.294, 0.353, 0.412, 0.47, 0.529, 0.588, 0.647, 0.706, 0.765, 0.823, 0.882, 0.941, 1.0]
        values: [-0.021, -0.022, -0.021, -0.022, -0.022, -0.023, -0.025, -0.028, -0.031, -0.035, -0.038, -0.04, -0.04, -0.036, -0.028, -0.015, 0.006, 0.04]

# definition of the point where the properties are calculated from
beam_reference_axis:
    x:
        grid: [0.0, 0.059, 0.118, 0.177, 0.236, 0.294, 0.353, 0.412, 0.47, 0.529, 0.588, 0.647, 0.706, 0.765, 0.823, 0.882, 0.941, 1.0]
        values: [0.0, 0.133, 0.266, 0.398, 0.531, 0.663, 0.795, 0.927, 1.059, 1.191, 1.323, 1.456, 1.588, 1.721, 1.853, 1.985, 2.115, 2.243]
    y:
        grid: [0.0, 0.059, 0.118, 0.177, 0.236, 0.294, 0.353, 0.412, 0.47, 0.529, 0.588, 0.647, 0.706, 0.765, 0.823, 0.882, 0.941, 1.0]
        values: [0.215, 0.215, 0.215, 0.215, 0.215, 0.215, 0.215, 0.215, 0.215, 0.215, 0.215, 0.215, 0.215, 0.215, 0.215, 0.215, 0.215, 0.215]
    z:
        grid: [0.0, 0.059, 0.118, 0.177, 0.236, 0.294, 0.353, 0.412, 0.47, 0.529, 0.588, 0.647, 0.706, 0.765, 0.823, 0.882, 0.941, 1.0]
        values: [-0.021, -0.022, -0.021, -0.022, -0.022, -0.023, -0.025, -0.028, -0.031, -0.035, -0.038, -0.04, -0.04, -0.036, -0.028, -0.015, 0.006, 0.04]